[-2.61229006664178, 2.029157757767382]
[-2.5887755291396086, 2.0333441702494857]
[-2.632202133986452, 1.8997062274096916]
[-2.6284660227023355, 1.7170892670246107]
[-2.6253133949430008, 1.5504598504000993]
[-2.6209057211796805, 1.3841822745521801]
[-2.618152193903811, 1.204431970844703]
[-2.617626395339276, 1.038782340469423]
[-2.6181221816747335, 0.8719847569040883]
[-2.6146406366222235, 0.6912787358403147]
[-2.614177047961234, 0.5300767668714083]
[-2.61944687575598, 0.3509396974266059]
[-2.6241819139701996, 0.18373280487730007]
[-2.6281746770356835, 0.012424191160525103]
[-2.6258178545504727, -0.15392641773806473]
[-2.626160709689954, -0.32831844224712026]
[-2.6266133707032413, -0.48923680805282616]
[-2.6235627412460674, -0.6767865707473663]
[-2.6184640024359305, -0.8573088732140168]
[-2.6220885525586817, -1.0162782450168728]
[-2.6210485234720013, -1.1657901409012599]
[-2.620347233190316, -1.3321586172450903]
[-2.6206677779336576, -1.4491274473275408]
[-2.6223718991803064, -1.549557863589324]
[-2.626604684726992, -1.6681221961076036]
[-2.632512028228716, -1.7322334068919945]
[-2.6348271573593176, -1.7651329540410143]
[-2.6397119930862925, -1.8003882582128148]
[-2.644110325316722, -1.8305412010480984]
[-2.648871205949279, -1.8595030905910754]
[-2.6482254908274463, -1.860959539528591]
[-2.6382644489642364, -1.8775324003958902]
[-2.5451882993642783, -1.9077861301946302]
[-2.44939544785039, -1.9191779434909222]
[-2.4122633297024807, -1.9225670422356644]
[-2.349804680510266, -1.9292420259795768]
[-2.349804680510266, -1.9292420259795768]
[-2.3304861776321637, -1.9348457313013938]
[-2.32201162426243, -1.9273138398146568]
[-2.310426769433817, -1.8949476779432097]
[-2.298915081431887, -1.7401948518859298]
[-2.3177218843838223, -1.5677739629202836]
[-2.315057058332069, -1.3936133471376269]
[-2.3135483695328, -1.2193824495017065]
[-2.3167816942043538, -1.0468691401666008]
[-2.321933193885632, -0.8760011220619017]
[-2.323181517180348, -0.706821327264731]
[-2.319309869077327, -0.5316764554682527]
[-2.3246804472621667, -0.36148795282102747]
[-2.326955702883412, -0.19846090047885856]
[-2.330818511633065, -0.02685083669875669]
[-2.327442474125701, 0.14475238414305405]
[-2.321308304312127, 0.3203399436185545]
[-2.320693534234328, 0.4964533126923143]
[-2.3229620651451963, 0.6544722123376285]
[-2.326141511100349, 0.8049891760461664]
[-2.3297940641739245, 0.9700161327365129]
[-2.327798523658149, 1.1322912877025273]
[-2.3283995220222637, 1.2938953325139975]
[-2.3218149062259283, 1.4672651321860997]
[-2.3183558510552946, 1.595857485868629]
[-2.3075697144055534, 1.7411955192033366]
[-2.298430333595415, 1.807380410068454]
[-2.2914670670658586, 1.850079120060367]
[-2.2803348422612846, 1.919422467995369]
[-2.2736798793928297, 1.9510026098875164]
[-2.267974234390307, 1.9647096941370694]
[-2.27002112214076, 1.9699652381815485]
[-2.238323553486946, 1.9911695167466648]
[-2.1627194792217943, 2.046276707139703]
[-2.105964555560126, 2.072265880852747]
[-2.0417340933725496, 2.0910254362660616]
[-2.007206601617141, 2.0958882118034645]
[-1.9643215083794234, 2.0966150722851697]
[-1.9374808477383172, 2.094529234156024]
[-1.912353443054261, 2.0914727643556588]
[-1.919214162646112, 2.093019154467159]
[-1.9079184457843594, 2.0835941007454375]
[-1.8919678451831488, 2.0145528141903757]
[-1.8796931940593582, 1.8394234249677444]
[-1.8862971527490422, 1.6579951221553075]
[-1.8866721158058528, 1.4841531579308986]
[-1.8804462280194396, 1.3158745591557]
[-1.876019005295691, 1.138464247588916]
[-1.874931039053235, 0.9628437723923476]
[-1.8732273330465818, 0.7945810611777473]
[-1.879292283029862, 0.6161759388357567]
[-1.8817483544207283, 0.447096358728273]
[-1.878958250665865, 0.2769551011758136]
[-1.875704052436982, 0.11309310122845245]
[-1.8762667383153537, -0.05201481112303367]
[-1.8717988073111893, -0.2159310850958769]
[-1.8685839789648242, -0.3759991724119817]
[-1.871581312006697, -0.543169698501541]
[-1.874954822177798, -0.696492025630894]
[-1.8747501248554432, -0.8714041192876023]
[-1.873860684461679, -1.0453062277600789]
[-1.8687268790488012, -1.2199141502217692]
[-1.8627644128143472, -1.3773331566315836]
[-1.8594178107017214, -1.4978167410724417]
[-1.8560293961819359, -1.638726801202985]
[-1.8510010806231914, -1.7014106870912677]
[-1.846512540674498, -1.7731573187081475]
[-1.8464515121080936, -1.810758405341531]
[-1.8453259126088106, -1.8474641543740324]
[-1.8453259126088106, -1.8474641543740324]
[-1.8469933813083523, -1.8531935141073854]
[-1.8238998690856534, -1.8629043290345255]
[-1.7479599129514012, -1.8985247566550743]
[-1.679631502776965, -1.9178034912561914]
[-1.6115849622807823, -1.9391258060273544]
[-1.5815383360932496, -1.9459786672076187]
[-1.5559024029170476, -1.9493986178737512]
[-1.5321263450432445, -1.9537809799018837]
[-1.516263609693973, -1.9549982327954283]
[-1.5250162018746642, -1.9535353859553548]
[-1.508799549162678, -1.945003468430173]
[-1.4862761803542386, -1.8410450440925974]
[-1.5255339942852144, -1.6711367278413034]
[-1.5701597022347402, -1.5124432945217448]
[-1.5818379433465286, -1.3425616976632186]
[-1.581011608449801, -1.1684460174140485]
[-1.5785506479687035, -0.993245521848666]
[-1.5738870230894035, -0.8224570528960016]
[-1.5702315363441846, -0.6518313693864899]
[-1.572991991705693, -0.48149796334251177]
[-1.575652781076087, -0.301883198430647]
[-1.5754473378110623, -0.14016455016834747]
[-1.5759174860527092, 0.024913848517410436]
[-1.572147521593103, 0.20393244144240955]
[-1.577230044988145, 0.3586884115307562]
[-1.5818820816274863, 0.5157227814978521]
[-1.584648347366572, 0.6792044964062348]
[-1.5838538687810642, 0.8359794900429467]
[-1.5763017796043195, 1.003932302651102]
[-1.5709419962663345, 1.1777659151542956]
[-1.5679459936917555, 1.3528314162797537]
[-1.5576673360517443, 1.5262859316285642]
[-1.547539826475146, 1.6782823170680257]
[-1.5358233135353692, 1.7632361988224907]
[-1.5234904025347809, 1.8268983510957513]
[-1.5072128624997732, 1.8920626459045626]
[-1.49879618501653, 1.9258903315710802]
[-1.4904510505790514, 1.9583150756126892]
[-1.4918943650879344, 1.9586270148467466]
[-1.451834986530246, 1.996847939970098]
[-1.3845375858153095, 2.051021765932088]
[-1.3126251360182912, 2.091457110445545]
[-1.2599987139556377, 2.1068741524354264]
[-1.232553369411512, 2.1082216221917793]
[-1.1890262494976709, 2.107077405091781]
[-1.1549699615277054, 2.1037110840648845]
[-1.126356728617332, 2.095543804152827]
[-1.103945250660055, 2.0910164258494226]
[-1.0829522789443844, 2.0800393084011217]
[-1.0767228255897239, 2.076329694755016]
[-1.072433663145981, 2.0741486563873233]
[-1.0671652920349932, 2.072911859775265]
[-1.0769956677184367, 2.0697994460301987]
[-1.0727169294257548, 2.041553580460558]
[-1.0424647086056145, 1.8907219445296475]
[-1.0444756204590766, 1.7165689559385455]
[-1.0662834462533455, 1.537852612054904]
[-1.0697732713458645, 1.3691164100128075]
[-1.0609417004465287, 1.1937909811449718]
[-1.0497327175741353, 1.0191500853954834]
[-1.045511621209477, 0.8505169908522163]
[-1.0498696039451751, 0.6727863836405238]
[-1.0574695245850407, 0.5047655133827333]
[-1.0663389360708375, 0.3246120292256752]
[-1.0670037274764674, 0.15618913143870547]
[-1.0697308853335465, -0.0014128671804466589]
[-1.0709917541762444, -0.15686631282881583]
[-1.0673539682731066, -0.3257762149912688]
[-1.0632091990391292, -0.506707236866523]
[-1.068577066750521, -0.6731958558574153]
[-1.0654325822608854, -0.8274619856821039]
[-1.0670297577428332, -0.9882729124553125]
[-1.0604555510442895, -1.1580184311313007]
[-1.060779367103564, -1.3308969901937746]
[-1.0655738938003485, -1.462493471491512]
[-1.0681495814956359, -1.6080613759535007]
[-1.0696020792365812, -1.6790036097037235]
[-1.0670208978082607, -1.7457786128910144]
[-1.0639510900958682, -1.7787761052860889]
[-1.0599425093529051, -1.817903251902859]
[-1.058912386789799, -1.8525380826665896]
[-1.0559609505402159, -1.8619784318409924]
[-1.059783326147787, -1.8586577983412047]
[-1.0010075825266616, -1.9008339894624995]
[-0.9464226249381937, -1.9285327092736093]
[-0.8876541691042683, -1.9526725983804778]
[-0.8432028828106374, -1.9665817820266953]
[-0.7965254411979588, -1.9728671386127878]
[-0.7685761196419664, -1.9768035343866133]
[-0.7449694365825342, -1.9765991956500115]
[-0.7286380846243807, -1.976970479302638]
[-0.7421010678705101, -1.9756396237410758]
[-0.7393627602175334, -1.9292579133804593]
[-0.7115600200017624, -1.766432995413065]
[-0.6934752177016639, -1.5971485009154724]
[-0.6947199957891234, -1.4234390753794408]
[-0.7036901833583695, -1.252656128841303]
[-0.7101922862367662, -1.073468177500998]
[-0.7169884867239136, -0.8967807693528097]
[-0.7129861498465195, -0.7245324474206915]
[-0.7150342355892426, -0.547734942209915]
[-0.7203165617482368, -0.37729413553961744]
[-0.7286444632577599, -0.21025891201439234]
[-0.7306972953389527, -0.04748780664743687]
[-0.7302924834307847, 0.12236497041302138]
[-0.7284626248781851, 0.28383348542709774]
[-0.7251102402672537, 0.44816856395473775]
[-0.7240250844264595, 0.6163176187975022]
[-0.7148487325716044, 0.7742135817719256]
[-0.7126799016676707, 0.9376786705804914]
[-0.715400610622802, 1.1020602298384026]
[-0.7227940471967932, 1.2788178935233647]
[-0.7231268267224105, 1.4439349483879829]
[-0.7242360936608668, 1.5785356356995786]
[-0.7059409145331487, 1.7250625974917022]
[-0.6958149886809324, 1.7993823541092633]
[-0.6872680671369963, 1.8632588023318895]
[-0.6826239838898941, 1.893091841505189]
[-0.6800645471826856, 1.9286115919985023]
[-0.6717408727075326, 1.9643785982147588]
[-0.679031676869916, 1.9681470274947728]
[-0.6186831729322468, 2.014441872023406]
[-0.551647559292323, 2.0520793093569147]
[-0.501957408082507, 2.0730184801161213]
[-0.450420208853051, 2.0907030728110767]
[-0.41468380970114965, 2.096937362049901]
[-0.3683307582049551, 2.101087648875543]
[-0.3494617535189507, 2.0976346223770124]
[-0.32462078194728, 2.094252345152632]
[-0.31702483002307646, 2.0923631735146806]
[-0.32012056805545236, 2.0926433395460244]
[-0.30280415800137134, 2.0698655207541306]
[-0.28199943864099997, 1.9432193994391924]
[-0.2794218296312959, 1.7690421797403184]
[-0.2827052220960209, 1.6291329024799004]
[-0.29330512229926153, 1.4519505036332727]
[-0.2928383222666682, 1.271537808162923]
[-0.28703460100164746, 1.0959496219360334]
[-0.28408354242243644, 0.9191413450954128]
[-0.28420415972800583, 0.7558755802633326]
[-0.2849370351030856, 0.5848368039288437]
[-0.28610524913247753, 0.41906695121933574]
[-0.2820427046456818, 0.2403293330576077]
[-0.2806024020398287, 0.06864327608705963]
[-0.27279121128258527, -0.10121468404752508]
[-0.2684585097409551, -0.2704464569962828]
[-0.26277402953174517, -0.42125569895585663]
[-0.261672475201501, -0.5942177485248835]
[-0.26348366797604933, -0.7588319535034965]
[-0.26105088464230763, -0.9133365402228641]
[-0.25408979694602185, -1.0787953127842074]
[-0.24895354742120243, -1.2443131377859524]
[-0.25003582350764586, -1.414606501721601]
[-0.25493731825361726, -1.5344656174589424]
[-0.2580148351254697, -1.6621908747211578]
[-0.25835468664054995, -1.7372391569289891]
[-0.25457917061912605, -1.7750161151820183]
[-0.2564056375421351, -1.8352359962190796]
[-0.2564056375421351, -1.8352359962190796]
[-0.2525813193051832, -1.8610109570538136]
[-0.2522397042310121, -1.8556864124300094]
[-0.19627537142462273, -1.8900641602818444]
[-0.11923820428340269, -1.925460287775009]
[-0.06148085449096121, -1.9419370292390048]
[-0.03718480858532494, -1.9476824789418186]
[-0.0005218108432451785, -1.954454875312322]
[0.03830464624798976, -1.9587069001482174]
[0.050648527350838315, -1.9604988743228806]
[0.06582315782791615, -1.9609196734116277]
[0.06131248683920541, -1.9647775810900772]
[0.07641892129031981, -1.9455691834621387]
[0.08544541469512475, -1.8035408827168293]
[0.05052293577216054, -1.6275891690022515]
[0.03325773618316517, -1.4508647430794033]
[0.030635982648668254, -1.2787888954544282]
[0.03239762383492331, -1.1095827182878901]
[0.030029308384510123, -0.9343320651373116]
[0.02988537587442996, -0.763208738615804]
[0.027510740032131192, -0.5850981255220856]
[0.02564029321597754, -0.4166779791083116]
[0.025698569475612908, -0.2505026046942627]
[0.026618211517340472, -0.10756518329811879]
[0.029037705769811004, 0.06542578173946074]
[0.03287706851481505, 0.22740263595306262]
[0.032641601737450836, 0.3883379461196353]
[0.02847239265400634, 0.5563694928799059]
[0.02651507257577105, 0.7213196842580648]
[0.025051270251785326, 0.8945526356790527]
[0.022993539027574006, 1.0562981091461077]
[0.0233204645548395, 1.220424510016597]
[0.029469280262889797, 1.3871438988448124]
[0.03954496656836702, 1.554666244866451]
[0.050571030210140075, 1.67033101369373]
[0.07358970782480019, 1.795320322207393]
[0.08736064336530676, 1.8595494382136388]
[0.09557960900986666, 1.890306711455526]
[0.10391503661058558, 1.9239333259750038]
[0.11507261596960565, 1.9611946063260275]
[0.11451040702844074, 1.9682519969516608]
[0.14977948654531603, 2.0026389728828256]
[0.22301439131673395, 2.0534444238858307]
[0.2744953388584082, 2.080068225065085]
[0.3407486759176431, 2.096278919607468]
[0.37732016559903875, 2.1022887478233594]
[0.41855247024296455, 2.105313306541819]
[0.43929998580133817, 2.1039902652029077]
[0.4703125858973415, 2.0998746202085847]
[0.48269830340188724, 2.0919099946988937]
[0.48528192343223764, 2.0927762989103393]
[0.5044230037681026, 2.0755348524719848]
[0.5466080194526878, 1.9627366036815677]
[0.5619510058856739, 1.8331409211839975]
[0.5646313561720957, 1.6630211814303844]
[0.5663567565165635, 1.4933377167753321]
[0.576665871252104, 1.3211411293425048]
[0.5797541957362031, 1.1387778650911107]
[0.5859579679209962, 0.9645312714940196]
[0.5870504556631766, 0.7953039664414917]
[0.5879892453216116, 0.6257886520662669]
[0.587535788889532, 0.4553344271768043]
[0.5856599031397379, 0.2776829947973686]
[0.5822710846512952, 0.1098208227724499]
[0.582822643072754, -0.04756444321942605]
[0.5853346881655006, -0.2121295185212881]
[0.5830635343255359, -0.38285180409325925]
[0.5866050113021328, -0.5422287232437287]
[0.5936022090891325, -0.6982583848303413]
[0.5936947535750303, -0.8731117601593099]
[0.5861584290282293, -1.0410573876910325]
[0.5816044155693842, -1.2100438321232379]
[0.5801202358829852, -1.3470489632723421]
[0.5781260015869597, -1.4720559907288535]
[0.5774012533581385, -1.620974724982031]
[0.5752098450961466, -1.6861247046518664]
[0.5713856672895182, -1.7672379638693985]
[0.5709919790397133, -1.7976840372204583]
[0.5704296216116744, -1.826915409167155]
[0.565463792730793, -1.8493638052886965]
[0.5627981275893519, -1.8380992698613363]
[0.5912647147647323, -1.8451206373267228]
[0.6591159481841254, -1.8745245448098495]
[0.7251160509131603, -1.890629528571678]
[0.7970164950198678, -1.9083646906884528]
[0.8297785810582163, -1.917705122497531]
[0.861335239249071, -1.927530219714556]
[0.8909472267548917, -1.9362580821106539]
[0.9084273805616498, -1.9396528707149863]
[0.9037185731282231, -1.9392024049208234]
[0.9031850316902286, -1.9465717305283052]
[0.9254064691832816, -1.9368755577955696]
[0.9376929387754145, -1.8589435725269066]
[0.9236849578746902, -1.6928285418061304]
[0.9158780702368466, -1.5282044535634052]
[0.9202906092294222, -1.358088806125495]
[0.9279544383520959, -1.1796119075935383]
[0.9298027962409943, -1.0095371818456236]
[0.9329976763603014, -0.836975367514688]
[0.9306624143720401, -0.650587388009588]
[0.9304550853247011, -0.4819261999424181]
[0.9331065003176946, -0.31419878368325815]
[0.9289885472212308, -0.1425407067856273]
[0.9229689443419596, 0.03380407380716754]
[0.9256805900940416, 0.19952935883211384]
[0.9247399008177409, 0.3752389923943603]
[0.9264322949304418, 0.5445717791237937]
[0.9284507784958108, 0.7070078882366164]
[0.9385958707510366, 0.8500611997073896]
[0.9474640235315652, 1.0166030774001675]
[0.9512167914545838, 1.1740121735229383]
[0.9460046438193888, 1.3476665859792791]
[0.9396602898265877, 1.5091415140499171]
[0.9393417191523652, 1.6335718515445532]
[0.9404806543396439, 1.7657503501358611]
[0.9421566553723394, 1.8349531380067718]
[0.9464755555446865, 1.8961696451061119]
[0.9492982308366743, 1.9291733707492464]
[0.9520130410346711, 1.9599695431737698]
[0.9531174013575223, 1.9608491741728005]
[0.9513465671995112, 1.958119229051754]
[0.9819431370697348, 1.985469699983794]
[1.0367846649659165, 2.009856630422257]
[1.1111559547343441, 2.039597054389187]
[1.144872470674241, 2.049520348845694]
[1.1834659576675206, 2.0571711519273177]
[1.2199469668445604, 2.0608713974055144]
[1.2507712662388215, 2.063377563423455]
[1.2913409761094297, 2.068574908104558]
[1.3068846551384319, 2.067879937289166]
[1.3052221667380652, 2.0727554435084934]
[1.2984373191138427, 2.07149376944667]
[1.3051140559410424, 2.05712694416261]
[1.275775718433462, 1.9148662017721236]
[1.2209036684519712, 1.7831218613204995]
[1.1923470380543633, 1.6466296970994145]
[1.1800235145989344, 1.4773457684245908]
[1.1889543312291317, 1.3148995444006586]
[1.194941547497419, 1.141019521528214]
[1.2033038970883663, 0.9814075034591879]
[1.2059210029063154, 0.79179376721913]
[1.2109347267779573, 0.6063421823333842]
[1.2140269274809283, 0.4456023658623376]
[1.219104321106433, 0.2848471565624113]
[1.2257696655105896, 0.12523762652659876]
[1.2299703198542764, -0.04272019131601956]
[1.2384694890577597, -0.21053811057812097]
[1.241756488320221, -0.37457962569904857]
[1.242153431129318, -0.5406186443633726]
[1.2372925770259418, -0.7145104941563591]
[1.2322259453291022, -0.8772359173141935]
[1.227448257089063, -1.0485448627950997]
[1.228260587515992, -1.2147343800866226]
[1.2269176645084023, -1.3827824057042197]
[1.2302793251301694, -1.518674816635297]
[1.2420236011379773, -1.627879153259536]
[1.2544696940983018, -1.6880784014410732]
[1.2737751838423275, -1.7498966455616687]
[1.2844727002468326, -1.7810691652355193]
[1.2965153050735696, -1.8180638440559442]
[1.3093755883441562, -1.8505636726930765]
[1.3237930570943501, -1.8796819920055021]
[1.3354804285716262, -1.9069049304587744]

