[0.008819851927374693, 0.20750938330297586]
[0.003692020318898707, 0.2114196738680509]
[0.0007993304736546652, 0.2151117840378354]
[0.0045421478921802, 0.2129174369330057]
[0.010494194043239723, 0.21080234407033097]
[0.01753964054591236, 0.19712635447505575]
[0.0068334569910819595, 0.20342939991389636]
[0.015118345013367614, 0.20727875111320293]
[0.008992596399379917, 0.20796910491413576]
[0.0073613334902158266, 0.20679794919804148]
[-0.0007887588452747032, 0.12807884581709147]
[0.002293949608189337, 0.014954135986161639]
[0.020852277460744795, -0.17394710537436767]
[0.03374691050153526, -0.29219406582582397]
[0.029555412582347347, -0.47800236545109104]
[0.020715079399134827, -0.6107769383223572]
[0.010759731785078662, -0.7432576716221407]
[-0.002471514183567519, -0.9302364360108384]
[-0.008928624669870919, -1.0227225496528791]
[-0.00829590867423835, -1.1072011548591727]
[-0.00942143313996503, -1.144647107690829]
[-0.012250726742283963, -1.1759063133954197]
[-0.014569779827768805, -1.1914088538029246]
[-0.01848915698033095, -1.1936349147486442]
[-0.016330732798868586, -1.189004556349906]
[-0.013411110181028892, -1.1779443000277954]
[-0.011986609058045892, -1.1754459566384088]
[0.012604262617124861, -1.1952981925756874]
[0.051720950414912606, -1.2145332993819948]
[0.09202179669277108, -1.2313771537842082]
[0.1532472463409948, -1.2585301944015386]
[0.17544335103786918, -1.2612160299156632]
[0.21210612644499274, -1.264111289363835]
[0.23237993308139118, -1.2638452375591998]
[0.24579749963111527, -1.2637797298975033]
[0.25343106217620975, -1.2632049407975572]
[0.24797038022291745, -1.2613541519554763]
[0.24247242599895846, -1.263212257029448]
[0.2441422221306129, -1.259288230315196]
[0.26564989831329494, -1.230093804228872]
[0.27614319258505954, -1.160477242850076]
[0.2792487797688059, -1.0466386223613389]
[0.26385266067337637, -0.86560599003964]
[0.25708304028880397, -0.7500539019797784]
[0.2597731031526285, -0.5643935265022737]
[0.2620432228137501, -0.44827425868198334]
[0.2658237342107122, -0.317981240352489]
[0.26091088989818306, -0.12919730516174316]
[0.26266350645778874, -0.041319345789954234]
[0.26990584990800637, 0.04865527034606348]
[0.2738893831401232, 0.09033474984171375]
[0.27707295031735285, 0.12909392163618186]
[0.2815170829259376, 0.16446001726326268]
[0.2891483376035024, 0.1716344073851061]
[0.29137175915215524, 0.17991470565771678]
[0.28972786141650475, 0.17334931035988527]
[0.2915051613470239, 0.17026246851314794]
[0.3151137795879352, 0.18370210217054742]
[0.36232192548959347, 0.20234509053058164]
[0.401254191954638, 0.2138156317365874]
[0.4470759916915459, 0.23017877792885924]
[0.49830026191374976, 0.2402632476689195]
[0.49830026191374976, 0.2402632476689195]
[0.5159084742977179, 0.2450649380476345]
[0.5213849440994345, 0.24299483921232706]
[0.5224433287456804, 0.23750996295967686]
[0.5213731948236868, 0.23607650469786723]
[0.5183999152958704, 0.23986549201860996]
[0.5189386556399408, 0.23803636862446012]
[0.5363798783643031, 0.1411254838869185]
[0.5329122763546382, -0.004712623132296674]
[0.5185115664005171, -0.12810305518810639]
[0.5048722118472075, -0.29636163829039436]
[0.5043178188114025, -0.4273051397526239]
[0.504810734646632, -0.5524714275548872]
[0.5087042189047565, -0.7502284835663193]
[0.5129754866745417, -0.8766437882029089]
[0.5051238939008043, -1.0245654792026724]
[0.5174903992937813, -1.0933253902401323]
[0.5229676630053297, -1.1227403938983214]
[0.5303651415057693, -1.152830949954479]
[0.5350343396626704, -1.175045200685987]
[0.5508466444876744, -1.2021942786672877]
[0.5518697211382848, -1.2164220588722154]
[0.5581928604327083, -1.2305005816035826]
[0.5580293560806562, -1.2321845607972943]
[0.5530472404079796, -1.2282210503515745]
[0.5860976471870789, -1.2548268134552554]
[0.6440035361822669, -1.2807444352028106]
[0.6683171384273687, -1.2855464650620338]
[0.7210448192155501, -1.2886558930711272]
[0.7583186088830227, -1.2879105829538193]
[0.7896095308598523, -1.2815861391422851]
[0.8046355206024433, -1.2799779190991376]
[0.8187005213033898, -1.2786133697897801]
[0.8292034538067506, -1.279671276162233]
[0.829493509143023, -1.2759744842871739]
[0.824683310554844, -1.2763453591648477]
[0.8222208487627756, -1.2866177519701205]
[0.8358828741427858, -1.225604274460328]
[0.8296215399454769, -1.0843882301713652]
[0.8158322788142345, -0.9714016498690412]
[0.7999960640369917, -0.8515890836756432]
[0.7994527821591774, -0.6637066735171601]
[0.8059396150859578, -0.5361906133911101]
[0.8171829140427167, -0.34865898913606974]
[0.816442324890463, -0.22976445722824274]
[0.8139168918020564, -0.07784371867786254]
[0.8134720363527412, -0.005579458892293466]
[0.8235562723141132, 0.05083785844291573]
[0.8384255787077373, 0.12086433542421925]
[0.8489350100066362, 0.16087629985837107]
[0.8533606401143281, 0.17728197633992585]
[0.8541952253102189, 0.18369980284370915]
[0.8556991556417812, 0.18437229819016202]
[0.8604932372141113, 0.18983590913322212]
[0.8821407841441351, 0.20185316496324127]
[0.933166379185983, 0.229412928255384]
[0.972487654909848, 0.24051503639516847]
[1.0257501781468576, 0.24648882765090616]
[1.060122860930416, 0.25046026716729347]
[1.0735000601084508, 0.25228681680823706]
[1.1050564723236487, 0.24998853311184235]
[1.125694291148619, 0.24208944330013]
[1.140947748948017, 0.23997751394008143]
[1.145688121217606, 0.23693709106913177]
[1.1463573361496906, 0.23605331503415902]
[1.1445987234275252, 0.23070208443030293]
[1.1490821166030274, 0.22816397766130575]
[1.1518762422258502, 0.22872791418796062]
[1.1707179155509995, 0.18680060890394784]
[1.1826179857681305, 0.06230942189050701]
[1.175093916504262, -0.02759571566274442]
[1.1574534119969049, -0.2183821077234482]
[1.1512632109490402, -0.32659312771962157]
[1.1491464109585476, -0.4649021710392504]
[1.1498216577418434, -0.512452647056031]
[1.157755964187968, -0.5705244592197524]
[1.1610622306075484, -0.5839679611903658]
[1.1616223984772858, -0.6017105159098642]
[1.1623554465135943, -0.59415439979802]
[1.1632220229206318, -0.6026092875319117]
[1.170003832303593, -0.6027804611305871]
[1.2029029483369056, -0.6283632293022268]
[1.255540366616317, -0.6657940032482282]
[1.2931972737548336, -0.6782236105605177]
[1.3416260433400817, -0.691638017920006]
[1.3744502084643493, -0.6927269136180824]
[1.3961284073045035, -0.6903994066131443]
[1.4068416342183385, -0.68807903663709]
[1.4080281907444272, -0.6873525462779393]
[1.4088388514154455, -0.6856747021992595]
[1.4056376862398798, -0.6866679030977397]
[1.4068356120947683, -0.683268956092011]
[1.42354843603542, -0.5936941999047999]
[1.4260756470600953, -0.4778699413516075]
[1.4107591633135035, -0.2980091412251435]
[1.401991464016598, -0.1714943698519556]
[1.4009741181878386, -0.014170236112715071]
[1.4108607236799584, 0.04483654288518878]
[1.4338092497258488, 0.09958235161527206]
[1.445824606087153, 0.13562806666121868]
[1.445824606087153, 0.13562806666121868]
[1.4605803804887036, 0.1764474995295972]
[1.4681268968528958, 0.18652255434864698]
[1.4731317023819042, 0.18871449991214648]
[1.4732944226747873, 0.19772641284678483]
[1.4764620234708739, 0.19965797029174132]
[1.5170190959273928, 0.22558156020462597]
[1.570617944560676, 0.24599051060080127]
[1.6221266442031201, 0.2538234769334678]
[1.6580705550298105, 0.2562495199527011]
[1.6901345251642954, 0.25470508798980607]
[1.7273967727038595, 0.24676225341959254]
[1.745886594239806, 0.2420597087395705]
[1.7535796149978058, 0.23999934940791348]
[1.7593444822049107, 0.23479218809486027]
[1.76589438070984, 0.2339389736742518]
[1.7742654481721485, 0.22787897896555337]
[1.7662169848083933, 0.21878614295822932]
[1.7535063119397802, 0.22021250517389832]
[1.7691039337101186, 0.14228808865049772]
[1.7700466720231083, 0.0383303964192547]
[1.7480205917719724, -0.1470294219830683]
[1.7426697482242042, -0.2671288839420784]
[1.7411807484318156, -0.3695793093711753]
[1.7468391881703764, -0.4998118264483323]
[1.7524233600331025, -0.5460507928737341]
[1.7548653744122233, -0.5747907892629313]
[1.7543175112034373, -0.6011629364787813]
[1.7559893632261747, -0.6029087178698073]
[1.7596540849934985, -0.6091814711744781]
[1.7569521904894811, -0.5975024663668995]
[1.7708998494264594, -0.6074477148137817]
[1.8074063851957285, -0.6257484106337718]
[1.8579418496348672, -0.636868423709642]
[1.921288258417334, -0.6528418426499678]
[1.956229252571277, -0.659506109331768]
[1.9873615962252096, -0.663013289473844]
[2.022008634488421, -0.6657462579925837]
[2.055253132629715, -0.6687471084678294]
[2.0588282621308456, -0.667197665311594]
[2.062977876536681, -0.6684181953604886]
[2.0647062022012705, -0.6700317296388779]
[2.063964402015561, -0.6621293182754293]
[2.065603311066426, -0.6610789930689873]
[2.066545543296321, -0.6511941318397207]
[2.089311725893153, -0.5473214111396206]
[2.082881268652679, -0.4110626319953123]
[2.069358962122313, -0.29088887446779416]
[2.0566819296717314, -0.17213852619923123]
[2.0560348619631705, -0.02362950606954304]
[2.0585954640038953, 0.06549123495623019]
[2.0591629068834845, 0.10660096073765547]
[2.0643073575801, 0.14508130431260313]
[2.0677104954947545, 0.1720430157486159]
[2.0703557291983214, 0.1814427286497642]
[2.0745799732689236, 0.16977906657547245]
[2.074523225114658, 0.17875267144241558]
[2.1021999043373034, 0.21125611203494668]
[2.144022233804683, 0.22756291998305592]
[2.1857283664905727, 0.23656580597042712]
[2.2166336882548703, 0.23367593924535057]
[2.2578771168712506, 0.23339188146948692]
[2.2817405893272853, 0.23874145356277804]
[2.3117424358046916, 0.24027369346191146]
[2.322543737827496, 0.24191651081083088]
[2.3305735660136806, 0.24225634205926838]
[2.3360135034851677, 0.23828828018127024]
[2.3442562746813174, 0.23355545051242652]
[2.3445373474832762, 0.2265385468180247]
[2.3440330841193977, 0.22664799244176842]
[2.371444832531579, 0.12887890936816354]
[2.3636138771158173, -0.01251172014618248]
[2.3476952140391236, -0.13442288781338693]
[2.3354398522321023, -0.2577344683214049]
[2.3336791515853053, -0.41670660942496385]
[2.339998305373188, -0.49987801966737727]
[2.3506037112348515, -0.5644419441631104]
[2.3549812589989316, -0.5837031075624249]
[2.3549812589989316, -0.5837031075624249]
[2.3603809001672182, -0.6033015444957339]
[2.36271589785161, -0.6038187217036705]
[2.3609660311006055, -0.592847413819458]
[2.359973254571976, -0.6028816033634193]

